ans =

 Columns 1 through 9:

  -3.2196416   0.0831061   0.2703572  -2.0527945  -1.4731469  -0.9235679  -0.0320715  -0.1612665   2.4649829
  -1.1254531   1.1003461   1.7217001  -0.6992814   0.6225874   3.5499611   1.9789595  -1.2612322  -0.7781304
   0.3380321  -0.4756346  -0.5928824   0.0541340  -0.5165504  -2.7583783   2.0156040  -0.9155945  -1.5096644
  -0.8180344   1.2222817   0.6591349  -1.2914566  -1.3619482  -0.2964293  -1.1095105  -1.0334326  -1.1110184
  -0.2559328   0.9772893  -2.7595026  -1.0792127  -0.3061517  -1.8270368   0.7082534  -1.1796066   1.1314355
   0.3563310   0.9776648  -1.4076953  -1.4605773  -0.2013958   0.8565770  -2.8416335  -0.6425483  -0.8742372
  -1.2111915  -2.3820336   0.1816533  -0.9952246  -0.5351019   0.5587488   0.1263990  -0.3007105   2.7892036
   0.5243723  -0.2093903   3.0466326   0.6051908   0.4879339  -2.7202074  -1.0641525  -1.2789252  -2.0061398
   0.8493036  -2.9664598  -2.4314909   0.0679336  -2.3548031  -1.2186426  -1.0305356  -0.7882384  -3.0213889
   0.2922014  -2.4636233  -1.2081214   0.8589741   0.2937543   0.3624558  -1.0952364  -0.1064319  -1.4687233

 Columns 10 through 18:

   1.8725380  -2.0858197  -0.0132034   0.3020554   0.0733480  -2.5667349   0.1423186  -0.6485032  -0.4506829
  -3.3826496  -2.9219750   0.2685152  -0.5048449   0.2270846  -1.2143263  -0.6523507   0.2259610   0.2483669
  -1.7125018   2.4451155  -2.9210369  -0.9641834   0.6512485  -1.1227052  -1.5343448  -1.2203672   1.0271885
   1.2431694   1.4907922   0.7001267   2.0543952   1.6293118  -0.3834184  -2.3057714  -1.9571252  -3.0636476
   1.3410480   1.7706779  -0.3823259  -3.6977405   0.4362669  -0.0087847   0.1695844  -0.9295368  -1.4029549
  -0.5519181  -1.3994317   1.1817309   1.9681373  -0.8565178   0.9982734   0.6236750  -0.2479698   0.6380363
  -1.0226933   0.7543801   0.1026905  -0.5549073  -3.5430171   0.4458245  -3.3886226  -1.5968353   0.9517780
   1.0472363  -2.8939138   0.6018821  -3.8230205  -0.4671259   2.8369111   0.6323845  -0.9347519  -3.3506472
   1.4002544  -2.6209280   0.4145264   2.0277492   0.1554314   0.4605471  -1.3528174   0.6437478  -1.3413169
  -2.8828528  -0.3563999  -2.2823100  -2.3410095  -2.1568954  -0.7128715   0.8336463  -0.0442827   0.5436490

 Columns 19 through 25:

   1.4671386   1.3120869  -1.9220441   0.8709396  -1.6708416  -2.6259985   0.3018396
  -0.9805174  -3.2738160  -0.5648376  -1.9968547  -2.5561842   1.2281188  -0.1052035
  -0.1211333  -1.1916258  -2.5721226   1.4831119  -1.8789267   0.4753840   2.5436070
  -2.7331487  -0.4668301   1.2732219  -4.6830411   1.3923629   1.0988228  -0.7894443
   2.6083895   2.5504388  -1.2807316  -0.1224452   1.3418304  -0.9788806  -4.3226864
   0.1132464  -1.7031837  -1.7106950  -2.3468512   1.2390215  -5.2015630   0.0489801
  -2.1210814   2.4330742   0.9138013   0.5160078   0.2182462   0.7079811  -0.1168156
   1.7758466  -1.3922975  -0.5722416   0.4606233  -2.7154030  -0.3417252   0.2795461
  -2.5885478   0.1011443   0.0445198   3.5955826  -1.7764626   0.8055572   0.8692842
  -0.0471225  -1.5940054   2.5064054  -0.7660519   2.1395538   0.9439557  -2.7757299

